[gd_scene load_steps=7 format=2]

[ext_resource path="res://TweenCube.gd" type="Script" id=1]
[ext_resource path="res://AnimationPlayer.gd" type="Script" id=2]

[sub_resource type="SpatialMaterial" id=1]
albedo_color = Color( 0.352941, 0.560784, 0.470588, 1 )

[sub_resource type="CubeMesh" id=2]
material = SubResource( 1 )

[sub_resource type="GIProbeData" id=3]
bounds = AABB( -10, -10, -10, 20, 20, 20 )
cell_size = 0.15625
to_cell_xform = Transform( 6.4, 0, 0, 0, 6.4, 0, 0, 0, 6.4, 64, 64, 64 )
dynamic_data = PoolIntArray( 0, 8, 128, 128, 128, 1, 0, 0, 923431296, 1, 378427840, 1, 39, 0, 923164672, 1, -1, -1, -1, -1, -1, -1, -1, -1, 0, 0, 8355711, 0 )
dynamic_range = 4
bias = 1.5
normal_bias = 0.0
propagation = 0.7

[sub_resource type="Animation" id=4]
resource_name = "Rotate"
length = 2.0
loop = true
tracks/0/type = "value"
tracks/0/path = NodePath("Origin:rotation_degrees")
tracks/0/interp = 2
tracks/0/loop_wrap = true
tracks/0/imported = false
tracks/0/enabled = true
tracks/0/keys = {
"times": PoolRealArray( 0, 2 ),
"transitions": PoolRealArray( 1, 1 ),
"update": 0,
"values": [ Vector3( 0, 0, 0 ), Vector3( 0, 360, 0 ) ]
}

[node name="World" type="Spatial"]

[node name="Origin" type="MeshInstance" parent="."]
transform = Transform( 0.788709, 0, 0.614767, 0, 1, 0, -0.614767, 0, 0.788709, 0, 1.00485, 0 )
visible = false
mesh = SubResource( 2 )
material/0 = null

[node name="Camera" type="Camera" parent="Origin"]
transform = Transform( 1, 0, 0, 0, 0.866025, 0.5, 0, -0.5, 0.866025, 0, 2.055, 3.58 )
current = true

[node name="TweenCube" type="MeshInstance" parent="."]
transform = Transform( 1, 0, 0, 0, 1, 0, 0, 0, 1, 0, 1.00485, 0 )
mesh = SubResource( 2 )
material/0 = null
script = ExtResource( 1 )
transition_type = 6
initial_value = -1.0

[node name="DirectionalLight" type="DirectionalLight" parent="."]
transform = Transform( 0.900645, 0.210716, -0.380049, -0.0994305, 0.951294, 0.291809, 0.423027, -0.225028, 0.87773, 0, 2.80809, 0 )
light_energy = 0.4
shadow_enabled = true

[node name="GIProbe" type="GIProbe" parent="."]
data = SubResource( 3 )

[node name="AnimationPlayer" type="AnimationPlayer" parent="."]
playback_speed = 0.1
anims/Rotate = SubResource( 4 )
script = ExtResource( 2 )
